01 353877.398081529 3163003.59712231
02 363252.398081529 3163003.59712231
03 372627.398081529 3163003.59712231
04 382002.398081529 3163003.59712231
05 353877.398081529 3156501.95337064
06 363252.398081529 3156501.95337064
07 372627.398081529 3156501.95337064
08 382002.398081529 3156501.95337064
09 344502.398081529 3150000.30961898
10 353877.398081529 3150000.30961898
11 363252.398081529 3150000.30961898
12 372627.398081529 3150000.30961898
13 307002.398081529 3143501.19904078
14 316377.398081529 3143501.46442847
15 325752.398081529 3143501.46442847
16 335127.398081529 3143501.46442847
17 344502.398081529 3143501.46442847
18 353877.398081529 3143501.46442847
19 363255 3143507.6
20 307002.398081529 3137002.61923795
21 316377.398081529 3137002.61923795
22 325752.398081529 3137002.61923795
23 335127.398081529 3137002.61923795
24 344502.398081529 3137002.61923795
25 353877.398081529 3137002.61923795
26 363252.398081529 3137002.61923795
27 316377.398081529 3130503.77404744
28 325752.398081529 3130503.77404744
29 335127.398081529 3130503.77404744
30 344502.398081529 3130503.77404744
31 353877.398081529 3130503.77404744
32 363252.398081529 3130503.77404744
33 316377.398081529 3124004.92885693
34 325752.398081529 3124004.92885693
35 335127.398081529 3124004.92885693
36 344502.398081529 3124004.92885693
37 353877.398081529 3124004.92885693
38 316377.398081529 3117506.08366642
39 325752.398081529 3117506.08366642
40 335127.398081529 3117506.08366642
41 344502.398081529 3117506.08366642
42 353877.398081529 3117506.08366642
43 325752.398081529 3111007.23847591
44 335127.398081529 3111007.23847591
45 344502.398081529 3111007.23847591
46 353877.398081529 3111007.23847591
47 325752.398081529 3104508.39328539
48 335127.398081529 3104508.39328539
49 344502.398081529 3104508.39328539

